358
310
13
587
145
101
667
524
469
657
722
447
309
624
420
643
131
346
307
279
736
506
456
769
707
670
315
682
604
476
772
163
742
750
395
2
617
239
53
710
295
398
625
644
402
744
578
729
107
666
254
580
652
386
653
135
344
79
564
421
324
80
167
575
141
764
407
87
282
36
356
75
431
345
104
550
129
759
311
611
498
523
68
319
170
64
718
639
556
381
672
658
220
688
633
328
144
247
412
196
374
571
305
671
54
758
187
455
555
490
647
127
208
511
326
570
172
155
179
17
303
760
392
95
294
23
410
418
192
181
427
592
341
214
603
59
46
242
531
180
630
133
211
477
377
423
574
11
539
274
683
613
296
690
501
280
661
97
27
449
201
43
536
151
235
583
121
26
218
33
600
236
560
302
150
111
452
354
74
78
689
572
6
558
9
184
270
30
190
706
50
465
137
428
440
507
700
379
243
732
701
612
684
757
219
120
60
654
207
677
337
638
38
63
743
77
301
173
512
165
735
216
733
12
441
752
674
117
540
422
610
99
45
705
343
720
130
29
134
317
454
606
528
453
432
21
713
753
665
76
678
641
691
668
198
694
93
518
290
576
628
716
460
590
250
153
51
269
325
708
367
697
245
199
202
286
123
619
256
106
178
154
548
579
88
85
616
248
225
651
527
529
650
561
271
577
49
714
664
226
475
376
451
637
166
336
438
205
591
491
513
763
394
747
380
721
499
62
224
470
693
588
183
530
212
766
774
138
566
321
433
366
252
738
685
415
777
323
251
84
622
403
4
340
159
629
246
435
119
217
128
195
542
746
191
189
484
581
314
486
371
424
292
227
100
22
15
258
330
621
140
118
222
761
353
276
65
266
569
493
283
711
61
388
535
285
139
500
741
731
86
496
298
462
213
232
699
489
265
28
287
482
546
221
35
387
168
429
635
562
503
169
48
598
516
253
442
308
479
39
331
264
8
568
306
504
573
316
474
223
485
194
115
259
164
483
725
149
291
626
342
762
471
182
16
273
114
362
109
443
156
136
244
288
160
393
773
334
505
96
147
446
408
14
608
157
383
188
102
623
42
322
185
719
748
663
544
267
545
445
439
94
636
459
594
765
40
702
359
614
3
25
660
249
400
585
72
126
478
397
595
332
56
551
472
