"Private"	"Apps"	"Accept"	"Enroll"	"Top10perc"	"Top25perc"	"F.Undergrad"	"P.Undergrad"	"Outstate"	"Room.Board"	"Books"	"Personal"	"PhD"	"Terminal"	"S.F.Ratio"	"perc.alumni"	"Expend"	"Grad.Rate"
2	578	411	187	25	50	880	477	6930	3452	400	1525	57	64	11	11	6383	32
2	6397	4304	1092	40	84	4298	132	18700	5580	750	1130	96	99	12.5	43	14665	91
2	1179	780	290	38	64	1130	638	9690	4785	600	1000	60	84	13.3	21	7940	74
2	592	501	279	19	44	1204	392	6400	3484	600	1800	80	83	14.5	10	7936	43
2	6756	1930	871	78	96	3376	55	18624	6664	550	300	97	98	5.9	21	30639	99
2	601	396	203	1	20	525	323	11230	6643	2340	620	8	58	6.8	4	13025	47
2	4044	2826	688	51	83	2738	138	16230	4500	630	1800	79	86	15	17	11217	63
2	464	419	183	10	31	686	287	9240	3880	475	1090	29	49	7.2	17	9431	47
2	696	616	169	35	66	653	56	13970	6110	370	920	88	97	9.2	24	16358	68
1	1800	1253	560	44	85	3876	3588	6634	4360	600	2604	82	85	17.8	14	6104	47
2	1092	890	477	27	92	847	497	8670	4180	500	1450	42	58	11.3	33	5738	68
2	3821	2037	680	86	96	2488	625	18200	6770	500	700	95	98	11.6	13	16185	66
2	1386	1060	320	28	56	965	502	13850	4755	400	1125	84	84	12.3	30	8196	85
1	14939	11652	5705	52	88	25422	911	7560	4574	500	1982	87	90	17.4	13	8559	81
1	5891	4931	1973	23	48	11249	2682	6746	3728	620	2342	78	83	21.7	7	6157	41
1	6574	4637	2940	32	62	14782	1583	9057	3485	600	1983	87	87	12.7	15	10145	58
2	938	864	511	29	62	1715	103	12247	4221	500	600	70	88	13.1	26	8847	72
2	4226	3666	2007	14	60	7703	2339	5094	4010	700	1560	77	86	16.6	10	6203	50
2	1243	947	324	50	77	1129	74	17163	3891	525	975	76	92	10.1	57	13965	77
2	7259	5526	1368	23	52	5612	166	14424	6192	634	1000	58	79	11.5	25	9812	75
2	1480	1257	452	6	25	2961	572	9850	6050	850	920	10	68	15.4	8	17858	64
2	785	647	295	15	65	1670	726	10860	4624	600	794	87	100	13.7	15	8953	55
2	875	744	207	7	38	1173	1402	9700	4830	400	1200	45	90	14.5	10	7652	66
2	152	128	75	17	41	282	22	9100	3700	500	1400	48	48	8.5	26	8960	50
1	368	344	212	5	27	863	189	4286	2570	600	2000	39	41	14.9	25	4958	40
2	8766	5498	1243	56	75	5071	438	17840	6582	500	882	93	99	5.9	23	26037	80
2	1154	1050	395	12	31	2192	1423	10560	4520	500	1200	36	48	14.3	10	7701	61
2	2057	1807	828	26	53	4106	982	11712	4037	500	800	80	80	13.8	13	8546	89
1	1797	1260	938	24	35	6960	4698	4440	5175	750	2200	96	96	6.7	16	16352	33
2	484	386	141	6	28	590	1196	9870	4860	600	1100	59	59	12.2	19	6744	81
2	2768	2314	682	49	86	2802	86	15884	5370	530	730	92	94	15.2	34	10774	82
2	2762	2279	533	32	60	1835	14	16900	4720	500	600	88	97	11.6	45	12423	81
1	3224	2519	1057	11	31	5000	706	6390	2380	110	1622	67	78	14.6	9	6554	55
2	996	866	377	29	58	1411	72	12065	3615	430	685	62	78	12.5	41	8596	80
2	325	284	95	16	33	364	88	9900	3650	500	1200	32	37	13.6	43	6525	21
2	2186	1924	512	16	29	2683	1227	12280	6450	750	1500	29	30	12.2	16	10527	56
2	927	731	415	24	50	2149	2217	11130	3996	600	2166	72	79	13.5	14	10891	51
2	2491	1110	573	57	88	2213	35	5224	3048	525	350	65	65	18.4	18	4957	100
2	502	384	104	11	28	347	74	6200	2900	600	800	63	63	11.7	13	7623	35
2	3550	1877	653	53	87	2164	77	18920	5950	600	800	90	98	9.7	39	17089	90
2	1456	1053	381	20	45	500	541	10910	5160	400	1795	66	72	15.6	37	7649	87
2	657	537	113	37	90	1039	466	12474	5678	630	1278	53	71	11.9	19	10613	72
1	8384	5727	2710	22	50	13518	2916	7230	5088	630	3228	82	84	10	6	13883	34
1	1877	1826	823	49	77	3926	561	9057	3600	700	1435	88	88	14.4	23	9699	49
1	2225	1910	1190	29	55	5968	955	4738	3110	700	940	72	76	20.2	27	5972	52
1	9167	7191	2738	24	53	15739	4278	6940	4100	500	1700	80	84	24.7	11	5983	55
2	257	183	109	19	41	396	38	7850	3410	400	1500	55	70	10	15	7233	53
2	7654	5259	1254	62	93	4879	1274	18350	5775	768	1512	91	98	3.9	31	45702	90
2	1013	888	288	55	82	943	7	11850	4270	600	900	95	99	11.4	60	13118	74
2	1758	1485	419	27	58	2041	174	12040	4100	600	1100	92	96	13.2	17	9060	72
2	823	721	274	52	87	954	6	8800	3195	500	1200	82	99	13.1	26	8588	63
2	1769	1092	437	41	80	1757	81	10965	4000	450	1250	60	61	14.2	32	8294	98
1	14596	5985	3331	75	92	14609	1100	8400	4200	550	1200	88	93	8.9	23	15893	83
1	2442	2164	1189	12	37	5983	1075	4426	2664	600	1000	76	81	18.1	19	4795	60
1	5803	4441	1730	19	62	10099	3255	7248	3109	600	1900	79	91	16.8	7	6227	62
2	546	447	189	16	42	873	683	11138	4138	600	1200	40	74	14	7	8820	80
2	4731	3171	830	12	31	3557	658	10700	5925	550	1200	74	81	17.6	34	8408	69
1	7811	3817	1650	47	73	12911	1404	7380	4877	612	2091	72	81	19.8	13	8453	59
1	12512	6969	1724	27	66	9744	1351	6550	4712	600	1200	91	96	10.5	7	13705	57
1	10706	7219	2397	12	37	14826	1979	7799	3296	470	1750	73	78	17.3	11	6086	56
2	2013	1053	212	33	61	912	158	5150	3036	500	1655	64	74	10.5	11	7547	59
1	4540	3294	1483	5	60	13494	1254	7706	4368	600	1926	90	90	21.2	8	7268	61
2	1998	1376	651	41	88	1539	45	6700	3650	500	2307	52	52	14.1	12	7566	61
2	2096	1512	465	27	59	1442	166	16130	4710	400	800	83	86	13.9	37	10554	90
2	3207	1577	490	56	87	1892	7	17142	4190	450	1200	85	97	11.3	51	14664	84
2	4186	1245	526	81	96	1988	29	19629	5790	500	1200	94	99	9	64	22014	99
1	787	601	233	40	73	1017	411	5376	3214	600	1100	99	100	13.7	11	9241	34
2	2694	1579	489	75	93	1870	12	19292	3957	550	550	81	93	10.4	60	17960	91
1	2957	1423	691	10	30	3817	1394	3946	4800	400	1500	63	67	14.9	10	8367	26
2	261	192	111	15	36	453	266	9690	4300	500	500	57	77	9.7	35	9337	71
1	233	233	153	5	12	658	58	4486	2516	600	1900	68	68	15.7	11	6971	51
2	2362	2037	700	40	68	2607	148	13130	4650	500	1600	77	81	10.9	29	9511	83
2	792	649	186	56	87	769	377	12900	4340	600	4110	91	95	13.1	27	8568	67
2	5152	4600	1685	36	71	7016	804	11610	4760	600	1950	86	94	13.5	25	9982	77
1	4681	4101	1436	10	35	8094	1596	4620	3288	300	2250	69	80	19.7	4	5501	50
2	2643	1611	465	36	80	2615	248	13332	6354	630	1584	88	89	16.1	17	9619	78
2	344	264	97	11	42	500	331	12600	5520	630	2250	77	80	10.4	7	9773	43
2	2139	1492	502	24	64	2186	2171	12350	5370	500	1350	88	86	12.6	19	9603	63
2	979	743	259	25	46	1188	166	10100	4000	400	1000	88	92	12	20	8539	66
1	6855	5553	2408	26	57	11036	2011	8907	4697	556	1851	89	95	10.8	6	13889	54
2	3294	2855	956	44	67	4576	1140	11690	4730	800	6800	84	94	4.6	19	18367	67
2	2961	1932	628	24	68	2669	616	10800	5100	575	1090	71	82	14.1	42	8189	100
2	392	351	155	16	44	738	430	10260	3597	600	1500	39	66	13.1	26	8355	58
2	1561	1188	458	48	72	1548	840	13380	4210	500	900	89	91	17.8	34	8747	81
2	604	562	328	25	50	1048	56	9800	2650	450	2800	61	60	12.5	17	7325	87
2	3767	3414	1061	30	58	4531	643	10870	4440	2000	1522	75	81	14.4	21	7671	85
2	1465	1006	188	10	30	703	20	4450	2522	500	1200	43	43	22.9	3	5861	58
1	4192	3126	1656	15	45	5887	1254	8828	3474	753	2610	79	91	19	11	6393	53
2	450	405	194	17	34	614	388	13900	5200	450	2150	46	63	10.9	17	9995	59
2	2707	1881	478	14	34	1893	847	12480	5290	530	1740	70	85	14.2	15	9492	54
2	2306	1721	538	23	48	4309	549	13226	6452	750	2450	86	86	13.6	8	10074	62
1	4418	2737	2049	23	51	14047	5134	4104	3579	450	1700	86	94	22.6	6	5657	35
2	7875	5062	1492	38	71	5471	1470	17450	6328	700	950	92	93	7.6	15	14745	72
2	974	704	290	5	22	1145	39	12520	3860	1300	700	16	59	7.5	9	11641	57
1	4269	2594	985	27	57	6476	2592	8594	4408	494	2768	82	88	18.4	6	7618	55
2	3768	2662	753	42	64	3558	436	13592	5916	545	1328	84	88	14.2	10	11677	84
2	737	614	242	21	67	968	237	10425	3975	500	1500	61	77	14.7	34	8693	76
2	1006	837	317	33	65	1024	15	8200	3485	500	1200	84	84	10.6	26	9248	64
1	4809	3089	1429	12	33	6162	871	6806	1780	600	1651	72	72	16.7	9	7090	44
1	1801	1101	438	14	50	3065	363	6297	4600	600	1323	75	78	18.1	14	8355	68
2	1217	1088	496	36	69	1773	884	11505	3255	1000	2075	35	46	16.7	23	7140	67
1	8399	3609	656	19	53	4658	1478	6550	4240	550	1500	85	93	15.3	8	6608	53
2	831	538	224	15	35	840	325	5170	3430	600	1590	61	61	16.1	10	5531	60
2	3934	2735	886	40	70	3698	217	13600	5940	630	1820	93	96	15.6	13	10813	66
2	1646	1150	542	12	30	2128	82	5188	3396	650	2500	48	48	13.8	9	6817	58
2	1121	926	372	43	70	1270	160	12660	4500	678	2424	80	80	16.9	20	8328	80
2	1457	1045	345	27	50	1109	502	14990	4980	450	550	77	98	21.5	21	7502	64
2	809	687	428	20	43	1889	217	10178	4190	800	750	71	71	16.1	19	7895	54
2	861	609	215	10	27	1117	815	8650	5700	500	1750	69	73	16.1	13	6534	67
1	3971	3306	1921	10	34	11493	2206	4259	2625	350	1884	70	75	18.9	10	4629	58
1	1351	892	570	18	78	2385	331	4440	3030	300	600	72	72	18.9	8	5883	51
2	798	620	238	14	41	1165	1232	9800	4430	400	1150	46	46	11.1	35	6889	100
1	1801	1655	819	13	38	3224	436	5840	3138	400	2430	76	76	19.1	8	5039	43
1	9402	7020	2151	20	70	16407	5550	8384	5110	612	2400	87	93	19.5	7	7930	41
1	2397	2144	1525	22	45	6720	1822	3957	2325	618	1656	66	77	20	13	4546	45
1	8598	4562	1143	56	93	5060	146	6550	4170	600	650	79	84	19.1	25	5716	76
2	2799	2573	839	34	65	3322	726	13420	4770	560	1675	88	93	15	24	9473	77
2	995	789	398	26	47	1306	122	6230	3526	400	600	42	44	13	4	8189	63
2	379	341	265	10	36	1050	151	4950	2780	530	1500	62	62	15.7	7	5619	38
2	4302	992	418	83	96	1593	5	19760	5300	660	1598	93	98	8.4	63	21424	100
2	497	452	231	24	47	887	1957	9400	4005	500	1000	49	65	17.2	25	4054	57
2	1631	1431	434	15	36	1803	603	11150	5130	550	1260	78	92	13.3	24	8543	67
2	279	276	126	17	37	600	435	6844	2980	500	500	45	55	11.7	38	5073	44
2	1754	1465	505	24	49	2159	211	13712	6408	526	1100	90	96	9.3	18	12751	75
2	461	381	174	10	43	738	55	9600	4550	600	750	55	94	13.3	43	7863	51
2	619	516	219	20	51	1251	767	11208	4124	350	1615	55	65	12.7	25	6584	65
2	2220	1796	467	65	99	1919	334	10320	4762	450	650	68	100	14.2	20	7788	65
1	6040	4577	1620	36	72	5640	266	4856	3416	400	1100	69	72	15.7	13	6601	76
2	8506	4168	1236	76	97	5544	192	17600	6000	600	870	97	98	5	28	28457	96
1	2172	1493	564	14	50	2766	1531	5962	4316	650	500	71	76	16.9	14	5719	50
2	379	324	107	15	37	500	311	9990	4900	400	600	44	47	12.1	26	4948	33
1	5042	2312	944	55	94	5167	902	5391	5411	700	1000	81	87	14.4	6	8504	81
1	3073	2672	1547	9	29	9649	1792	4300	2643	450	1660	57	68	19	11	5801	68
2	2161	1951	685	56	82	2371	175	13440	4048	600	1250	92	95	13.5	28	12940	82
1	4800	2900	1515	14	48	7764	1472	6874	2394	518	1890	73	78	19.2	14	5901	56
2	692	514	209	20	50	760	81	9900	3990	400	900	76	71	13.3	19	9073	58
1	1208	877	546	12	36	3796	824	4425	2700	660	1800	57	62	19.6	16	3752	46
2	380	237	104	30	56	716	1108	11000	5550	500	500	36	41	7.8	22	7483	96
1	2281	1870	1408	18	43	6553	1246	4680	3540	200	2150	75	76	17.1	8	5916	45
2	458	369	165	16	42	1057	355	11190	4800	450	1230	60	60	13.6	22	8135	54
1	1208	803	438	20	48	1906	344	6810	3970	450	1647	67	75	15.9	26	5712	59
2	444	359	122	34	53	493	968	10900	5250	380	1000	68	70	11.4	23	9447	78
2	5187	4471	446	3	14	1818	1197	13320	4630	500	800	50	56	17.6	16	6418	51
2	2227	1790	437	27	54	1460	239	13425	4425	450	1200	85	89	13	26	9405	72
1	480	405	380	19	46	1673	1014	4386	2217	600	1500	49	54	15.8	8	5704	63
2	616	514	385	29	52	1115	60	9840	2820	450	822	59	59	14.8	20	6261	58
1	2119	1264	390	5	33	2478	1441	6550	4760	1125	1362	80	100	14.9	8	8170	46
2	1732	1425	472	37	75	1830	110	16548	5406	500	600	82	88	11.3	31	10932	73
2	321	318	172	11	27	620	280	7536	3736	430	1651	44	77	13	12	5309	36
1	5659	4761	3147	10	31	8596	1949	6892	3706	600	2500	72	76	16.6	8	6996	40
2	374	280	185	45	77	995	408	8550	4050	500	1344	75	75	12.6	17	7237	62
2	681	588	246	44	74	1058	73	10760	6230	500	1200	85	93	13.4	26	8731	63
2	355	300	142	34	65	509	44	8664	3350	600	3000	65	68	10.7	25	8954	65
2	1445	966	326	46	83	1129	24	15350	4080	450	810	89	93	10.3	52	18784	82
2	150	130	88	23	50	341	768	10300	4130	500	1700	44	58	10.2	37	9678	75
1	11223	5285	2082	32	72	9652	742	7994	4544	500	732	77	81	17.9	29	5212	98
2	7700	3700	1906	79	96	7671	30	16850	4400	600	1350	96	92	13.1	46	13936	97
2	776	607	198	25	58	791	764	14340	5285	500	1000	58	83	11.7	39	10961	74
2	2135	1700	491	23	59	1708	689	12000	5920	500	500	93	93	13.8	30	7100	88
2	838	651	159	11	25	654	162	8640	3700	400	1915	62	62	12.2	13	7634	48
2	1947	1580	523	39	74	1863	233	13900	4140	750	1500	90	90	10.6	7	8923	57
2	632	494	129	17	36	709	131	9000	4850	300	2480	78	85	13.2	10	7550	52
2	1093	1093	642	12	32	1770	967	7070	2500	400	1000	52	54	15.9	13	4718	71
2	440	407	149	35	70	643	80	12050	3700	500	900	63	76	10.2	31	10965	75
2	780	628	198	7	20	545	42	11750	2700	400	850	77	83	14	24	6475	76
1	529	481	243	22	47	1206	134	4860	3122	600	650	103	88	17.4	16	6415	43
2	1006	742	275	29	60	1127	205	13925	4390	500	2200	73	86	12.7	32	10141	67
1	1734	1729	951	12	52	3602	939	3460	2650	450	1000	57	60	19.6	5	4739	48
2	809	726	294	27	52	1271	43	12500	4130	400	1050	53	53	13.5	22	7136	52
2	627	556	172	16	40	777	538	9925	4135	750	1350	59	67	22.4	11	6523	48
2	2267	1827	611	20	59	2825	144	6735	3395	600	1425	70	74	12.2	7	10872	65
2	608	494	176	10	31	649	314	8330	3770	550	1300	64	80	13	31	7949	39
2	3646	2300	585	25	69	2022	926	12170	6172	480	800	79	79	13	30	7495	97
2	979	638	271	31	70	968	20	16880	3970	920	1320	91	94	10.7	19	15687	77
2	3035	1546	438	42	93	1630	232	18740	6300	600	500	86	95	10.7	40	14773	91
2	81	72	51	33	71	139	3	8730	3600	400	800	92	92	9.3	17	10922	58
2	663	562	127	20	40	641	63	5640	3620	600	750	89	89	13.2	17	7309	31
2	1107	859	323	13	51	1452	402	11040	4500	600	700	65	76	11.8	30	9034	66
2	860	688	285	32	70	1928	442	13306	3797	450	950	62	69	8.8	10	6333	78
2	563	247	247	23	52	1427	432	12950	5300	612	576	72	74	12.4	17	8985	60
2	2459	1997	582	36	66	2664	299	16320	5326	646	1171	87	94	11.2	14	13706	65
1	5549	3583	853	9	40	5004	475	6550	4176	600	1380	80	90	17.9	16	6174	65
2	587	479	158	38	62	678	41	13500	3335	500	675	67	73	9.4	11	9727	55
2	1768	1249	380	51	93	1263	11	16900	5680	450	750	89	89	19	33	12837	79
2	1038	839	227	30	63	973	306	15595	4400	300	500	79	84	11.3	23	11644	80
2	516	409	200	17	40	1238	30	8770	3500	450	700	58	58	17.3	17	6430	70
1	8681	6695	2408	10	35	15701	1823	7799	3403	537	2605	77	84	21	16	5569	54
2	1879	1658	497	36	69	1950	38	13353	4173	540	821	78	83	12.7	40	9220	71
2	3151	2584	958	14	40	4772	856	7800	3750	570	3020	37	43	16.5	4	12878	44
2	325	260	86	21	47	699	717	9600	4202	450	750	39	69	10.5	15	7164	68
2	1858	1221	480	37	68	1620	49	8050	3940	350	2375	80	80	16.3	17	10511	63
2	3712	2153	806	17	45	2677	714	12030	6140	1000	500	63	73	12	33	8847	86
2	672	596	278	29	60	1350	275	11844	3696	450	1146	54	76	11.6	33	8996	72
1	3041	2581	1173	16	56	6441	3982	9114	4030	400	650	88	90	19.7	13	6637	53
2	2308	1336	295	22	46	1202	942	8530	3644	616	1576	56	64	14.9	25	7114	37
2	489	384	120	23	52	700	45	10575	3952	400	620	46	24	13	9	8946	98
1	2409	1939	759	17	50	3819	1347	6900	2800	475	1200	81	89	22.2	1	5968	46
2	1310	983	316	5	35	1057	175	8550	5050	400	900	35	67	17.4	16	4333	27
2	3140	1783	454	40	82	1646	24	19700	5050	300	800	91	96	9.6	60	17761	91
2	280	143	79	5	27	327	110	5590	2900	650	1952	53	63	15.1	4	4839	90
1	14901	10932	4631	36	80	23945	2200	9096	4290	535	1545	93	96	11.5	20	11006	72
1	9735	7187	2064	23	63	12478	1660	11656	5072	700	2300	89	95	16	16	10178	71
1	7473	5372	3013	27	53	15749	3237	5764	3262	750	3300	86	92	16.5	22	8612	53
2	1681	1069	344	35	63	1235	30	16249	5699	500	1998	84	92	13.6	29	11778	52
1	5653	4326	1727	17	29	9528	3822	10800	4840	580	1050	93	96	19.3	7	6751	46
1	689	561	250	15	30	1125	422	7168	3689	600	1900	67	67	18.1	9	4417	46
2	20192	13007	3810	45	80	14971	3113	18420	6810	475	1025	80	81	11.9	16	16836	72
1	5191	4134	1500	15	44	7532	1847	8677	3505	600	1300	75	94	15.5	17	7392	53
1	3440	2823	1123	16	35	3793	486	6198	3320	500	2500	89	97	19.1	6	4362	46
1	7589	4676	1876	29	63	14770	10962	6760	3776	500	2180	84	89	17	7	11020	47
2	874	758	428	21	46	1605	246	9858	3700	450	1200	42	45	17.6	16	4796	55
1	19152	12940	4893	66	92	22045	1339	15732	4659	476	1600	90	98	11.5	26	14847	87
2	2496	1402	531	53	95	2121	69	17926	8124	600	850	83	93	10.3	33	12580	91
2	443	330	151	5	36	453	42	14080	6270	500	900	57	80	10.2	21	15387	46
2	1205	984	278	31	50	1071	98	14510	5340	500	1400	84	91	12.5	39	10026	60
2	1011	604	213	17	42	693	868	8900	4600	425	1000	87	96	13.9	25	7922	55
2	544	399	177	15	35	600	363	6987	3585	750	1500	77	83	12.5	12	9067	75
2	2153	1580	321	56	84	1192	87	18432	5616	520	660	93	97	10.2	28	14907	83
2	4019	2779	888	40	73	3891	128	13584	5928	630	1278	88	92	13.9	19	10872	100
2	3014	2539	487	31	68	1889	62	18700	5000	595	1250	87	94	11.2	39	13861	87
2	318	240	130	40	85	416	19	14900	5550	600	500	93	98	8.3	42	13935	69
2	1110	930	332	18	36	1603	374	8180	4270	500	500	65	58	15.2	12	5664	29
2	665	462	226	17	44	1739	1550	9160	4340	500	500	68	68	20.6	14	6951	48
2	2652	1900	484	44	77	1707	44	17080	4440	400	600	73	91	9.9	41	11711	76
2	8256	3750	1522	37	70	5809	4379	11000	5160	660	1115	90	95	13.8	10	10059	62
1	950	713	351	42	72	1276	9	14320	5304	490	1410	77	77	14.9	17	8837	87
2	4471	2942	910	29	60	3674	493	11584	5986	650	800	83	83	14.1	41	9131	92
2	460	340	167	14	45	604	350	10740	3676	350	900	67	71	11	27	7963	74
2	213	155	75	28	66	504	147	7200	3532	550	1500	56	56	11.8	12	7818	52
1	2729	2535	1257	8	29	4787	472	3735	3136	250	1630	62	65	21.7	23	5284	54
2	6348	2999	922	68	94	3340	39	18930	6380	500	1254	99	99	5.3	36	36854	90
2	369	312	90	12	46	396	526	11400	5400	500	760	41	85	9.5	20	9583	24
2	1320	923	284	26	54	1085	81	16304	3616	355	715	87	95	11.1	26	12957	69
2	1399	1026	308	44	77	1131	17	14900	5160	500	800	82	85	11.6	40	12082	79
2	1611	960	342	27	60	1089	210	13850	3920	470	810	80	97	13.2	30	10223	96
2	1416	1015	417	10	44	1324	117	13500	5800	585	1700	67	78	13.2	23	9006	75
2	457	356	177	35	61	667	1983	11180	5620	600	700	64	64	11.5	32	7477	75
2	662	513	257	12	30	2074	726	11902	4372	540	950	65	65	12.8	31	7836	58
2	983	664	249	23	57	1698	894	9990	5666	800	1500	66	71	14.3	28	6084	64
1	1660	1091	326	15	41	1196	33	4818	3400	350	1400	71	72	12.6	8	10912	45
2	1133	630	220	37	73	750	30	17688	5900	650	850	100	100	10.4	11	14820	73
1	19873	8252	3215	95	100	19532	2061	11648	6246	636	1933	93	97	15.8	10	13919	78
2	4293	2728	591	25	62	2322	263	18710	5970	500	700	87	92	12.7	29	14837	81
2	404	400	169	28	48	797	100	6000	3000	500	500	48	57	13.4	14	5557	61
2	2936	2342	669	35	62	2502	66	15990	4080	600	825	73	78	14.5	31	9979	83
2	713	661	252	25	44	712	23	15476	3336	400	1100	69	82	11.3	35	42926	48
1	2996	2440	704	2	30	3006	338	5587	4845	500	600	61	63	16	11	5733	31
2	1432	920	548	56	84	2200	56	11480	4200	530	1400	81	83	12.7	40	11916	85
1	8586	6383	2503	25	59	13138	4289	10786	4560	400	900	93	93	7.8	10	13789	66
2	599	494	224	8	28	1035	446	10518	6250	300	300	59	76	16.5	36	7117	71
2	12229	8498	2477	45	71	13259	1429	17230	6482	600	2210	90	94	11.4	10	17007	68
1	11054	6397	3524	26	55	16502	21836	8949	3744	714	2910	88	90	12.2	37	16122	45
2	1712	1557	696	41	68	2936	433	11750	4160	1200	2350	94	96	11.5	10	11743	47
1	9643	7751	1968	12	40	8894	2456	10330	5558	500	1250	84	89	16.6	7	9158	63
1	1455	1064	452	1	16	2632	617	6806	2550	350	766	75	75	15.1	10	6972	24
1	15849	5384	2678	74	95	11278	114	12212	3792	500	1000	90	92	9.5	22	13597	95
1	1257	940	363	9	22	1547	294	7656	4690	400	700	89	91	14.7	8	6318	79
2	2115	1540	494	28	72	2993	347	12825	4375	500	1500	85	85	12.2	16	10175	89
2	589	575	148	16	40	474	258	8400	3250	500	1400	63	55	12.4	14	6535	68
2	462	402	146	36	68	527	41	14500	6000	500	600	91	99	6.5	48	18953	61
2	1597	969	226	16	38	1431	1522	13540	5050	630	2298	66	68	14.1	23	10139	47
2	1470	900	287	20	49	1130	417	10900	5100	500	550	70	81	15.7	14	7804	68
2	13218	2042	1153	90	98	4540	146	19900	5910	675	1575	91	96	8.4	54	28320	99
2	845	734	254	5	21	662	351	7600	3800	600	1200	59	74	19	40	5096	39
2	2083	1725	430	22	49	1464	67	17480	4780	500	700	75	87	12.3	32	11625	73
2	2967	2836	876	30	60	3450	644	10628	4372	650	2055	85	90	6.5	32	22906	85
2	878	816	200	16	41	706	62	8740	3363	550	1700	62	68	11.6	29	7718	48
2	1756	1360	478	42	77	1911	626	14550	4620	500	700	80	88	12.3	26	12851	56
1	5996	4993	3079	29	57	16269	3757	5925	2980	600	2242	83	87	15.9	11	6741	37
2	2075	1727	520	49	81	2501	198	11800	3260	500	800	87	89	14.2	23	9681	95
1	18114	15096	6180	23	57	26640	4120	10658	3734	504	600	93	95	14	9	10520	71
1	2593	1966	1030	9	32	6038	579	6704	2592	376	1750	78	78	21	17	6254	65
2	817	644	307	20	40	945	1	13218	4773	660	600	95	97	13.3	53	12263	69
2	1339	1107	336	12	36	1051	82	9400	4200	500	1600	53	58	12.5	9	7967	22
1	3306	2079	1071	42	89	10208	9310	6597	2494	800	3028	81	96	13.9	20	6722	66
1	833	669	279	3	13	1224	345	7656	4690	500	624	80	91	14.4	15	6564	36
2	2848	1319	456	58	84	1720	35	18930	5590	500	1000	83	94	10.2	41	15954	91
2	2096	1626	694	35	67	2551	407	11800	4340	700	960	60	81	15.8	26	7780	77
2	922	729	244	37	66	1000	275	14067	4560	400	1000	75	95	10.6	34	12165	79
2	174	146	88	8	29	1047	33	8300	3080	600	600	62	62	15.2	18	3365	58
1	3330	2730	1303	15	36	6706	2640	5800	3000	600	2200	73	75	14	9	9825	42
2	1576	1110	274	24	55	992	112	8000	3700	400	500	51	52	14.1	28	5807	51
2	2753	1820	505	31	56	1801	45	18720	5730	650	825	90	94	11.5	38	14980	85
2	4414	1500	335	30	60	908	119	5666	2964	1000	1400	56	58	15.5	7	5970	46
2	8728	5201	1191	60	89	4265	291	17900	5690	450	1250	86	93	9.2	31	24386	74
2	1747	1382	449	34	66	1662	960	13050	4000	500	800	64	69	12.1	27	9557	83
2	2974	2001	580	29	60	2666	554	15192	4695	400	1350	84	91	15.9	21	11762	67
2	467	424	350	16	40	1365	334	6300	2980	700	2140	75	79	13.7	10	7054	38
2	348	281	127	12	52	1095	785	9150	3950	500	800	56	59	12.2	27	7348	76
1	1757	979	394	32	74	2033	1078	5972	3420	600	750	77	83	13	11	7011	37
2	437	400	211	13	35	614	271	8990	3064	500	1700	73	73	14.8	7	7881	48
2	2925	1598	632	51	88	2479	95	18820	6390	500	1050	85	97	10.3	44	21199	90
1	9750	7640	2529	24	62	10358	1338	11180	3862	650	2450	89	87	17.5	16	7855	75
1	13528	9198	1843	16	61	10168	1231	6550	4355	700	1560	93	96	17.4	16	9075	74
2	3050	1342	471	55	86	1818	23	14360	4090	400	650	77	92	12.9	34	9605	83
2	10477	7260	2442	28	67	10142	117	15150	6870	635	960	73	84	11.3	13	14231	67
2	3466	2330	640	20	60	3095	1533	13800	5510	630	850	87	87	17.5	20	10941	82
1	15712	11719	4277	29	53	18511	604	10260	3176	740	2200	85	89	13.8	20	8944	73
2	12394	5232	2464	85	100	9205	531	17020	7270	500	1544	95	96	6.3	38	25765	93
2	3596	2466	575	42	78	1944	46	19964	4328	500	500	94	95	12.1	32	14720	83
2	587	501	211	28	52	735	28	15200	4100	350	650	87	90	9.4	49	12472	64
1	4255	3277	1609	18	57	10094	1621	9866	3084	480	1479	77	77	15.9	20	6223	53
2	692	576	174	19	50	597	83	10500	3860	600	940	58	64	11.6	19	8990	39
2	7122	5386	1643	42	69	7760	876	16500	6526	630	1985	82	94	5.9	17	17500	59
1	434	412	319	10	30	1376	237	4486	2146	600	2000	50	64	16.5	28	4525	46
2	740	558	177	12	29	628	63	9620	3750	550	950	49	55	10.8	33	10642	59
2	1496	1205	428	26	57	1648	936	12888	4440	420	840	62	68	13.9	30	8802	87
2	291	245	126	16	49	981	337	8390	4100	350	1500	45	55	21.5	24	4607	62
2	759	729	244	57	81	867	51	10900	4450	500	1000	81	91	12.1	41	10219	70
2	213	166	85	13	36	513	247	8670	3820	450	1000	43	78	12.5	4	7440	48
2	1380	768	263	57	82	1000	105	19300	6694	600	700	89	93	6.1	18	14779	83
2	469	435	227	17	39	851	120	10535	4365	550	3700	39	66	12.9	16	7438	52
2	368	317	159	20	49	806	542	10500	3555	500	2285	44	50	11.3	30	6695	64
1	5548	3563	1549	30	71	8909	506	8124	4144	639	2385	83	89	22.7	10	7203	61
2	601	503	204	28	57	671	11	13000	4100	400	460	91	91	11.6	43	11087	56
2	5661	2392	903	75	88	3499	172	13850	4360	500	1250	95	97	4.3	37	41766	89
2	888	734	393	26	60	1433	27	12730	4514	500	1525	74	95	9.9	31	11165	98
1	9251	7333	3076	14	45	13699	1213	7452	3352	600	1700	81	89	21.1	14	6918	67
1	3793	2341	1238	9	24	7732	9054	6744	2655	720	3450	87	89	19	10	7762	34
2	1966	1436	327	47	80	1199	61	19960	5490	500	450	90	90	11.8	37	15886	68
1	7663	6008	1735	18	51	7353	1674	15516	4928	500	990	87	90	9.9	10	12646	79
1	1500	1242	611	12	36	2024	292	7070	2439	400	779	95	94	17.1	17	7744	84
2	486	440	227	19	48	903	59	9650	3800	600	1300	46	65	11.4	29	10188	82
1	2807	2589	1701	13	37	7000	1103	3811	2190	500	1970	62	65	15	29	5084	67
2	895	548	314	20	54	1174	50	5500	3340	600	1600	68	76	16.1	13	6078	62
2	1239	1017	383	10	34	1207	157	7820	3400	550	1550	69	81	13.9	8	7264	91
2	1959	1805	695	24	47	2849	1107	11520	4960	600	1250	73	75	13.3	31	9189	83
2	2994	1691	659	70	95	2675	22	18000	6300	400	900	92	96	11.3	55	12138	95
1	8000	4556	1464	17	70	6943	869	6550	4810	500	1500	69	85	22	21	5280	63
1	3570	2215	651	17	41	3390	325	7352	3620	225	500	47	55	16.1	14	6374	63
1	11023	8298	3183	21	54	14861	1310	7629	4095	550	2300	79	87	20.4	13	8811	64
1	9239	7788	3290	35	39	13606	807	8856	3960	500	1382	81	89	17.6	20	7846	85
2	1377	572	178	95	100	654	5	17230	6690	700	900	100	100	8.2	46	21569	100
2	4772	1973	712	60	86	2714	27	19130	5600	1400	1400	90	94	12.1	39	16262	92
1	3281	2559	1448	19	43	10975	8431	4422	2780	500	2850	73	73	21	4	4696	29
2	1127	884	308	30	64	1310	766	11718	7398	450	1800	73	87	16.4	33	8871	76
2	2989	1855	691	28	63	2988	1726	4990	3560	500	1250	75	75	18.1	28	4509	99
2	1641	1283	527	20	39	1663	170	11200	4000	500	1200	61	62	14.2	24	7578	70
2	13865	2165	1606	90	100	6862	320	18485	6410	500	1920	97	97	9.9	52	37219	100
2	2853	2193	753	16	34	2978	434	10750	5340	400	1130	90	92	14.6	26	7972	64
2	5081	4040	1194	11	26	3768	1415	14220	6000	500	1440	61	76	10.7	9	10625	66
2	1109	922	375	24	46	1115	70	13240	3914	600	800	73	85	13.4	27	9333	73
2	417	349	137	60	89	510	63	12960	5450	450	875	92	97	7.7	37	19016	59
2	962	750	212	21	54	830	150	14700	6550	450	400	97	97	11.3	24	11291	70
2	8587	2273	1087	87	99	3918	32	19545	6070	550	1100	95	99	4.7	49	29619	98
1	4777	3057	1823	16	33	9844	6198	6540	3600	530	2440	84	92	11.1	24	10207	31
2	7178	3755	1433	25	63	4623	740	7161	3518	600	2000	60	64	14	9	6791	70
2	758	681	484	35	59	1707	705	5390	3140	515	1290	63	71	15.1	18	5511	50
1	8065	5257	2301	37	65	11755	770	8116	3610	800	1618	82	88	18	17	7597	73
2	668	534	237	19	39	1306	258	9476	4820	500	1100	67	67	20.1	26	6786	74
2	946	648	177	23	46	707	432	11790	5770	500	1000	75	77	11.9	35	10015	83
2	560	454	113	36	56	484	16	10955	3450	330	670	62	87	10.6	31	9552	53
2	283	201	97	10	45	589	263	8400	2800	600	900	50	56	10.6	40	6860	89
1	2702	1623	604	7	24	2315	146	5918	3755	500	2050	76	79	19.4	4	4599	52
2	765	646	226	30	60	809	32	8578	4408	700	1600	79	88	13.9	51	8061	82
2	3624	2786	858	11	39	2933	334	9100	3883	490	1777	70	74	18.9	34	6329	63
1	48094	26330	4520	36	79	21401	3712	7410	4748	690	2009	90	95	19.5	19	10474	77
2	232	182	99	7	29	402	237	7070	3640	400	3158	59	65	8.9	16	6286	36
2	2774	2092	482	35	64	1763	59	15800	4790	450	950	97	98	12.3	21	12999	69
1	5785	2690	499	26	62	4005	1886	7410	4748	690	2009	90	95	17.4	16	11878	58
2	610	461	189	26	52	685	49	8200	3300	550	1000	63	69	12	16	8128	64
2	860	811	366	22	56	1040	52	9900	3075	300	1800	68	68	14.9	34	6357	68
2	584	497	175	20	49	662	121	8000	4150	500	1300	57	65	11.3	32	7058	62
2	633	468	284	10	27	823	963	6120	2985	531	1830	25	25	27.6	4	6081	36
2	495	434	210	35	55	775	44	8950	3490	600	1900	86	92	11.3	25	9685	66
1	7313	4664	1910	20	63	9940	1035	6806	2540	96	2000	83	96	18.3	14	5854	70
2	494	313	157	23	46	1317	1235	8352	3640	650	2449	36	69	11.1	26	8127	55
2	7428	5860	1349	25	63	6534	1350	11600	5920	1000	1000	81	90	13.9	10	10093	60
2	3579	2959	868	25	55	5244	3417	11500	5330	700	2000	94	95	6.2	15	13009	65
1	11220	7871	3320	43	79	19553	2748	5697	3600	525	1755	88	95	14.7	22	7881	63
2	2100	1883	553	29	65	1704	1	16240	4690	500	500	84	96	11.1	43	14140	69
2	2174	1953	557	35	68	2332	53	15960	5580	700	1300	95	95	15.8	32	11659	77
2	11115	2881	1390	71	93	5881	406	18300	7131	670	1700	91	92	7.2	27	19635	95
2	1658	1327	395	49	80	1595	159	14800	4620	400	790	91	94	13.3	37	10779	68
2	549	397	169	26	51	1343	1751	9250	4550	425	1350	52	58	13.1	13	5925	61
2	735	423	366	20	48	2448	707	9210	3782	700	1000	49	51	39.8	15	6562	34
2	4186	2743	740	48	77	2819	62	19380	6750	410	1000	90	97	9.8	24	17150	84
2	723	652	361	10	30	951	706	7800	4000	350	1500	36	44	22	4	4923	84
1	4877	2798	814	13	48	4123	298	6550	4420	620	1481	82	90	16.3	10	6442	66
2	933	800	444	18	45	1691	72	12247	4081	500	600	76	85	12	38	9853	70
2	605	405	284	24	53	961	99	6398	3672	400	1350	68	68	13.3	19	8118	75
2	7759	5588	1477	30	68	6362	1292	15925	6507	400	300	89	90	13.4	24	10458	96
2	3356	1019	418	76	100	1490	8	19030	5885	1495	875	93	96	11.2	52	20447	96
2	3708	1678	722	41	66	2852	153	7050	5490	250	600	71	74	17.8	10	8122	83
2	4301	3455	1166	41	69	4892	387	12772	5078	576	1802	74	88	13.5	17	12726	72
2	8474	3446	911	75	94	3566	1569	18800	6740	500	1040	96	97	3.3	38	56233	90
1	7117	3106	1217	68	88	5186	134	11720	4298	600	800	89	92	12.1	31	9534	93
2	876	802	367	14	35	1263	118	10800	3600	400	820	68	74	18.8	19	5081	78
2	1566	1400	483	28	55	1509	170	14200	3775	450	1100	58	81	16.4	42	8080	67
2	1190	978	324	12	30	1280	61	8840	3620	500	1200	57	58	16.2	26	6563	63
2	100	90	35	10	52	282	331	8400	2812	300	2134	10	50	12.1	24	7976	52
2	2519	2003	776	39	71	2473	1314	12750	6350	350	1690	84	90	17.4	13	8243	83
2	361	321	185	10	41	650	819	8842	4782	600	1100	57	73	14.2	14	7022	52
1	21804	18744	5874	29	60	26213	4065	9556	3990	570	1060	86	86	18.2	15	8604	67
2	346	274	146	51	87	704	63	9900	3670	630	1818	59	59	10.5	14	8095	54
2	548	428	167	18	46	618	113	8958	3670	300	1000	53	59	15.3	26	9798	64
1	4400	3719	1472	12	38	7804	1552	6950	2500	300	1200	90	95	23.1	16	5559	67
2	2095	1553	514	15	40	1873	94	12950	5400	450	1120	70	82	14.5	29	6719	97
2	600	197	124	3	9	392	69	7260	3090	600	1840	31	35	12.9	4	9249	21
1	7548	6791	3070	25	57	16262	1716	6300	3933	600	1908	85	91	16.7	18	6642	69
2	313	228	137	10	30	552	67	9414	4554	500	1700	34	55	10.6	30	7840	56
2	434	321	141	28	53	624	269	10950	4600	550	950	79	82	12.9	30	9264	81
2	323	278	122	31	51	393	4	16150	5450	275	800	63	72	7.2	26	15622	64
2	727	693	286	30	55	1063	48	8100	3950	550	550	73	76	13.3	28	7508	55
2	1690	1366	662	30	61	2718	1460	10995	4410	1000	1000	68	74	17.6	20	8086	85
2	1232	955	303	23	58	1241	485	14990	4730	550	1250	86	92	15.2	28	9566	74
2	793	709	244	20	47	1022	411	9570	3000	400	1000	67	72	15.1	42	6852	60
2	4778	2767	678	50	89	2587	120	19670	5820	575	1119	77	96	10.1	47	16593	83
1	14438	12414	3816	12	39	16282	1940	8566	3897	500	1400	88	92	16.7	15	10276	68
1	14463	6166	1757	60	94	8544	671	6550	4598	700	1000	83	100	18	15	8055	80
2	2248	1673	745	38	73	2888	105	14350	3750	550	550	82	88	10	31	12502	83
2	360	329	108	4	19	756	863	8310	5500	600	1800	43	43	12.7	5	5480	54
2	519	327	114	25	53	457	2	21700	4100	600	500	35	59	10.1	33	16364	55
2	7033	5125	1223	47	75	4941	1534	19040	5950	350	800	98	98	9.1	21	16920	74
2	855	632	139	60	83	569	7	17238	7350	600	800	95	100	8.2	41	18372	73
2	817	708	262	22	52	935	37	9376	3272	500	1902	57	63	13	17	7335	52
2	1603	1392	504	31	68	2580	302	13312	4488	600	1516	78	78	11	23	9431	83
2	1470	1199	425	21	76	1820	558	11040	4840	400	900	89	92	13.3	28	8118	94
2	560	392	270	11	31	743	118	8734	3362	600	625	56	78	11.3	27	6422	68
2	990	784	279	18	45	1811	3144	11290	5360	600	1800	76	78	12.6	11	9084	72
2	1549	1392	587	38	72	2269	85	13240	3560	600	400	73	85	13.8	38	8949	77
2	450	430	125	20	46	488	43	9950	3920	300	1300	76	76	11.8	25	9466	47
2	1899	1720	489	37	68	1594	32	13868	4826	450	850	89	100	13.7	37	11487	73
1	7888	3519	1036	6	40	5011	346	6550	4680	630	1274	82	85	17.8	17	5563	53
1	1166	1009	510	9	33	2074	341	4938	2987	528	1702	67	77	17	11	6119	51
2	1606	1413	530	23	38	1921	1154	9408	5520	500	450	78	78	12.1	22	7669	53
1	3150	2289	650	16	51	3598	234	6840	4660	500	1000	71	75	15.1	17	6436	59
2	787	562	363	21	55	925	605	5950	2890	600	1300	67	72	14.6	35	5177	53
2	3586	2424	730	16	31	2748	1309	13250	5420	700	3100	84	92	12.3	23	11299	70
1	7837	4527	2276	89	99	8528	654	6489	4438	795	1164	92	92	19.3	33	11271	70
1	3366	1752	232	27	79	2585	1300	7411	4748	690	2009	90	95	18.6	12	10134	57
2	659	557	167	47	74	532	35	10485	3840	475	1246	76	80	13.5	47	7527	67
2	1860	767	227	71	93	887	1	17000	6010	500	850	99	99	9.6	52	18443	87
2	602	498	215	26	58	795	74	13470	5515	500	850	78	91	11.1	48	13957	72
2	1994	1656	495	50	80	1983	36	14300	5020	550	950	78	94	11.1	31	11525	82
1	3820	1431	695	21	70	5303	3942	4356	4830	800	800	76	81	22.1	6	7252	51
2	1305	1100	334	42	64	1098	151	16260	4005	300	500	91	91	12.1	40	10162	86
2	528	403	186	22	56	1168	145	9216	4191	400	1000	56	64	12.1	13	7309	75
1	3121	2446	822	5	19	3480	776	7870	4157	500	1150	73	73	16.1	13	6195	61
2	1487	1276	388	26	51	1417	1646	11120	4080	525	1405	55	56	11.1	23	6735	69
2	824	670	337	15	41	1160	653	9400	3400	500	1100	37	37	8.4	21	5352	59
2	663	547	315	32	67	1279	75	10060	2970	500	2600	74	80	11.2	19	7885	59
2	427	385	143	18	38	581	533	12700	5800	450	700	81	85	10.3	37	11758	84
1	5597	4253	1565	12	38	9161	845	5710	3066	120	1730	62	71	16.2	5	5682	76
2	1420	1093	220	9	22	1018	287	8700	4780	450	1400	78	84	14.7	19	7355	69
2	1163	927	386	16	49	1685	556	8840	4689	750	2775	67	69	11.4	21	6095	95
2	1196	697	499	21	47	959	13	4412	2460	500	1000	69	69	16.9	31	7083	21
2	857	772	376	25	58	1721	470	6720	3250	450	1520	77	82	13.9	33	6881	82
2	212	197	91	28	56	471	148	13500	5230	400	850	95	98	9.3	37	16095	52
2	940	668	385	20	48	1316	139	11925	3825	630	1926	48	87	12.3	12	9157	69
2	866	619	157	18	47	1074	336	8920	4310	680	1320	68	68	14.6	42	6898	46
2	141	118	55	12	21	201	173	8300	4850	450	1300	53	53	9.5	19	6936	76
2	1006	825	328	34	73	1362	102	13252	4194	450	550	89	93	13	33	10296	65
2	1005	859	298	36	55	1075	43	14850	4460	450	420	97	97	12.7	37	12067	80
2	2373	956	452	77	96	1601	6	17295	5070	600	1011	95	97	12	46	17581	94
2	235	217	121	12	32	931	487	8950	3119	550	1125	51	51	10.7	26	7016	78
1	2197	1515	543	4	26	3089	2029	6797	3900	500	1200	60	60	21	14	4469	40
1	535	502	223	6	20	959	150	7320	4640	500	600	48	65	12.6	15	7114	51
2	700	595	278	19	35	1035	182	10850	3936	500	900	62	64	12.3	31	8534	88
2	3847	3433	527	9	35	1010	12	9384	4840	600	500	22	47	14.3	20	7697	118
2	232	216	106	16	34	534	172	6900	3800	450	1825	67	76	12.1	9	6875	42
1	19315	10344	3450	48	93	28938	2025	10645	4060	512	2394	77	96	18.1	19	8992	63
2	13594	7244	2505	70	86	12408	2814	17748	7262	450	1000	87	98	7.8	16	21227	71
2	1267	1080	385	44	73	1306	28	12572	4552	400	400	79	87	15.3	32	9305	68
1	6986	2959	1918	25	60	12330	7152	6618	4234	700	1600	80	98	22.2	9	6742	46
2	504	482	185	10	36	550	84	9130	3322	450	1450	46	51	12.6	25	8686	54
1	3500	2836	1779	15	42	8730	993	5552	3710	550	2300	75	83	17.6	8	6324	37
2	245	208	125	23	46	544	436	11800	4765	450	1700	71	71	11.3	21	8952	86
2	1283	1113	401	31	65	1355	40	10938	3660	650	600	76	90	13.5	29	8444	67
1	3580	2603	1627	36	69	11028	2411	4460	3038	687	1281	85	87	11.8	6	12833	54
2	807	707	308	39	63	1198	605	8840	2950	750	1290	74	82	13.1	31	6668	84
1	2747	1870	724	12	47	2874	118	7920	3962	550	2200	74	80	18.4	23	5553	62
2	1422	1109	366	33	65	1363	23	15360	4080	600	1000	82	89	12.8	26	15003	59
2	800	623	256	41	76	801	5	12925	4195	500	635	78	85	9.9	55	14904	72
1	3100	2150	825	3	20	3234	941	5542	3788	500	1300	75	79	15.7	20	4222	65
1	8631	6732	2546	25	61	11669	1605	10602	3660	570	1530	79	87	19.7	13	8020	54
2	372	362	181	15	32	1501	353	8600	3550	385	665	48	48	15.4	9	10938	49
2	607	558	269	22	47	1222	519	10500	4348	650	1500	81	91	11.6	29	8324	75
2	1489	1313	375	13	45	1688	131	10456	4927	500	1050	91	91	17.7	32	9828	78
1	944	774	440	14	34	2174	529	6360	2760	550	1498	77	77	15	5	6443	48
2	910	773	450	31	73	1310	61	6530	2800	500	1500	63	67	13.3	10	6413	65
2	1083	880	291	13	34	915	80	9270	4100	600	1860	75	82	13.5	27	8425	55
1	3347	2597	1006	10	37	4664	1630	6919	4500	500	1250	74	90	15	20	7462	56
2	1082	832	302	34	63	1133	30	11859	3635	554	1429	80	85	13.4	42	8354	85
2	3058	1798	478	46	84	1737	244	18810	5690	500	680	91	96	10.4	48	18034	91
2	167	130	46	16	50	199	676	11428	5084	450	475	67	76	8.3	43	10291	67
2	6075	5349	2367	34	66	9919	484	6450	3920	600	1346	71	76	18.5	38	7503	72
1	5244	3782	1930	12	37	11561	7443	8786	2964	570	1980	79	87	15.9	8	8094	38
2	420	293	93	11	32	336	80	7950	3750	600	2740	54	54	9.8	45	9754	48
2	6361	5293	1507	26	51	5889	665	11380	4220	500	900	81	85	14.8	25	8894	93
2	1428	1097	336	22	50	1036	99	11250	3750	400	1165	53	66	12.9	30	8735	54
2	708	334	166	46	74	530	182	8644	3922	500	800	79	88	12.6	24	14579	54
1	4144	3379	1853	18	52	10135	1448	6197	2930	595	2380	78	82	16.3	26	6333	77
2	1721	1068	806	35	75	3128	213	5504	3528	700	910	71	77	17.7	37	6466	73
2	510	485	334	18	36	1114	94	7400	3346	600	600	57	57	19.8	7	6869	58
2	497	423	215	27	57	895	429	7850	3410	490	1700	54	58	13.8	24	7002	50
2	1465	810	313	71	95	1088	16	18165	6750	500	1200	100	100	12.3	49	17449	89
1	4772	3140	1265	22	55	6851	1200	6120	3460	666	2316	73	78	17.2	18	4776	51
2	935	858	345	22	50	1127	754	9490	4100	500	1500	60	79	10.7	21	7519	79
2	1170	695	238	14	48	1170	429	7470	4600	250	1400	74	75	15.3	23	6898	88
2	247	189	100	19	49	309	639	11412	6430	500	900	89	93	8.3	37	11806	96
2	1286	1005	363	16	37	1363	74	13900	4300	500	900	75	81	14	32	8024	72
2	500	336	156	25	55	421	27	6500	2700	500	1000	76	76	14.3	53	8377	51
1	1340	695	285	42	73	1315	209	6800	4730	675	1250	84	89	11.6	23	10357	63
2	4996	4165	936	53	82	4291	16	17475	5976	1230	1100	94	98	15.4	21	15605	70
